10110111101001010110100010010011
01010000011010101001100000001100
1
00001000000100000000000010100000
1
10110111101001010110100010010011
01010000011010101001100000001100
1
00001000000100000000000010100000
0
00000000000000000000000000000001
00000000000000000000000000000001
1
00000000000000000000000000000011
0
11111111111111111111111111111111
00000000000000000000000000000001
0
00000000000000000000000000000000
1
11111111111111111111111111111111
00000000000000000000000000000000
1
00000000000000000000000000000000
1
00000000000000000000000000000010
00000000000000000000000000000001
1
00000000000000000000000000000100
0
00000000000000000000000000000010
00000000000000000000000000000010
0
00000000000000000000000000000100
0
00000000000000000000000000000011
00000000000000000000000000000010
0
00000000000000000000000000000101
0
00000000000000000000000000000100
00000000000000000000000000000010
0
00000000000000000000000000000110
0
00000000000000000000000000000100
00000000000000000000000000000100
0
00000000000000000000000000001000
1



